id,conversation_id,created_at,date,time,timezone,user_id,username,name,place,tweet,language,mentions,urls,photos,replies_count,retweets_count,likes_count,hashtags,cashtags,link,retweet,quote_url,video,thumbnail,near,geo,source,user_rt_id,user_rt,retweet_id,reply_to,retweet_date,translate,trans_src,trans_dest
827305058782081024,827305058782081024,2017-02-02 17:57:51 CST,2017-02-02,17:57:51,-0500,603457882,themmtnetwork,Modern Money Network,,Ali: The real danger of tax base erosion is it compromises sovereignty and exacerbates inequality. #mmn,en,[],[],[],0,2,1,['mmn'],[],https://twitter.com/themmtnetwork/status/827305058782081024,False,,0,,new york city,,,,,,[],,,,
827304870654930944,827304870654930944,2017-02-02 17:57:06 CST,2017-02-02,17:57:06,-0500,13361922,stephencrose,Stephen C. Rose -- Follow me. I reciprocate. PEACE,,GOP solution to gun violence--ensure the mentally ill can get them with ease.,en,[],[],[],1,7,2,[],[],https://twitter.com/stephencrose/status/827304870654930944,False,,0,,new york city,,,,,,[],,,,
827303576657592320,827303576657592320,2017-02-02 17:51:57 CST,2017-02-02,17:51:57,-0500,186201264,divinenega,Jetzero @ Snobby Black Weeb✊🏿✊✊🏾,,"""You are hereby under arrest for at least 43 accounts of public indecency"" #YearOfFairyTail  https://t.co/UpOvLeIm6k",en,[],[],['https://pbs.twimg.com/media/C3ssAM8XUAAYpeK.jpg'],0,0,1,['yearoffairytail'],[],https://twitter.com/Divinenega/status/827303576657592320,False,,1,https://pbs.twimg.com/media/C3ssAM8XUAAYpeK.jpg,new york city,,,,,,[],,,,
827303553207246849,827303553207246849,2017-02-02 17:51:52 CST,2017-02-02,17:51:52,-0500,987914449,marcmillmanpix,Marc Millman,,Looking forward to shooting @thelumineers with @andrewbird tonight at #SoldOut @TheGarden for @RelixMag,en,"[{'screen_name': 'thelumineers', 'name': 'the lumineers', 'id': '186129806'}, {'screen_name': 'andrewbird', 'name': 'andrew bird', 'id': '17808932'}, {'screen_name': 'thegarden', 'name': 'msg', 'id': '121254571'}, {'screen_name': 'relixmag', 'name': 'relix', 'id': '22379521'}]",[],[],0,0,0,['soldout'],[],https://twitter.com/marcmillmanpix/status/827303553207246849,False,,0,,new york city,,,,,,[],,,,
827303496726765568,827208793343803392,2017-02-02 17:51:38 CST,2017-02-02,17:51:38,-0500,20879697,ilovenanabloom,Mike,,"@Herb7777 hi herb! Just a friendly reminder that in America, we don’t deport people for assault. Have a great day!",en,[],[],[],0,0,0,[],[],https://twitter.com/ilovenanabloom/status/827303496726765568,False,,0,,new york city,,,,,,"[{'screen_name': 'Herb7777', 'name': 'Herb Goldschmidt', 'id': '130281484'}]",,,,
827302318601334784,827302318601334784,2017-02-02 17:46:57 CST,2017-02-02,17:46:57,-0500,147290864,coachnicodemo,Anthony Nicodemo🏳️‍🌈🇺🇸🏀,,I can't figure out why anyone would want someone with a severe mental illness to own a gun,en,[],[],[],0,0,5,[],[],https://twitter.com/coachNicodemo/status/827302318601334784,False,,0,,new york city,,,,,,[],,,,
827301548506148864,827301548506148864,2017-02-02 17:43:54 CST,2017-02-02,17:43:54,-0500,85587429,mandyleenyc,Auntie Fa,,"WTF @CBSEveningNews: ""extensive research couldn't confirm Bannon is a white supremacist"" Srsly?",en,"[{'screen_name': 'cbseveningnews', 'name': 'cbs evening news', 'id': '42958829'}]",[],[],0,0,0,[],[],https://twitter.com/mandyleeNYC/status/827301548506148864,False,,0,,new york city,,,,,,[],,,,
827301537370271744,827301537370271744,2017-02-02 17:43:51 CST,2017-02-02,17:43:51,-0500,759319046,thetab,The Tab,,Our reporter's snap story during last night's Milo riot at #Berkeley. It begins peaceful. It ends in assault  https://t.co/DtYLIi2Cpf  https://t.co/NviJElkciK,en,[],['https://www.facebook.com/electoralcollege/?fref=ts'],['https://pbs.twimg.com/media/C3sqQ8uWAAALuNt.jpg'],0,1,2,['berkeley'],[],https://twitter.com/TheTab/status/827301537370271744,False,,1,https://pbs.twimg.com/media/C3sqQ8uWAAALuNt.jpg,new york city,,,,,,[],,,,
827299052173815809,827299052173815809,2017-02-02 17:33:59 CST,2017-02-02,17:33:59,-0500,26663400,melanieeversley,Melanie Eversley,,@marqlamar Hello. I'm writing a story for USA Today about a Tulsa murder case. Would you have time to chat by phone? meversley@usatoday.com.,en,[],[],[],0,0,2,[],[],https://twitter.com/MelanieEversley/status/827299052173815809,False,,0,,new york city,,,,,,[],,,,
827298556121849857,827298556121849857,2017-02-02 17:32:00 CST,2017-02-02,17:32:00,-0500,3991656856,maureende2,Maureen De,,Please e mail Governor@wv.gov or call 304 558 2000 please ask him not to MURDER JASPER 2MRRW jasper bit a child dog was provoked by child,en,[],[],[],0,1,0,[],[],https://twitter.com/MaureenDe2/status/827298556121849857,False,,0,,new york city,,,,,,[],,,,
827298020643438592,827295652317110272,2017-02-02 17:29:53 CST,2017-02-02,17:29:53,-0500,48815641,denisgorman,Denis P. Gorman,,"I feel like ""Racist, sexist loon"" should be her permanent title. @CharlesPPierce @bruce_arthur",en,"[{'screen_name': 'charlesppierce', 'name': 'charles p. pierce', 'id': '121489431'}, {'screen_name': 'bruce_arthur', 'name': 'bruce arthur', 'id': '86002394'}]",[],[],0,0,1,[],[],https://twitter.com/DenisGorman/status/827298020643438592,False,,0,,new york city,,,,,,[],,,,
827297115424579586,827297115424579586,2017-02-02 17:26:17 CST,2017-02-02,17:26:17,-0500,3991656856,maureende2,Maureen De,,JASPER BIT A CHILD THE CHILD PROVOKED JASPER GOV IS GOING TO MURDER JASPER 2MRRW PLSE TAKE TWO MINUTES TO CALL &amp; BEG GOV NOT TO KILL JASPER,en,[],[],[],0,1,0,[],[],https://twitter.com/MaureenDe2/status/827297115424579586,False,,0,,new york city,,,,,,[],,,,
827296974651138052,827296974651138052,2017-02-02 17:25:43 CST,2017-02-02,17:25:43,-0500,2324237606,kennyth93081160,KENERGY,,"Hello my beloved Twitter followers. I am terrified over the past two weeks. Our democracy are in grave danger, the psychopaths at work.....",en,[],[],[],0,0,1,[],[],https://twitter.com/KennyTh93081160/status/827296974651138052,False,,0,,new york city,,,,,,[],,,,
827296708044455937,827296708044455937,2017-02-02 17:24:40 CST,2017-02-02,17:24:40,-0500,15706176,dinafierro_,dinafierro.eth,,Can a Conservative/gun advocate explain to me why this would be considered the best action? I'm sincerely asking.  https://t.co/1TgwIiSu8E,en,[],['https://twitter.com/cnnbrk/status/827296291411595264'],[],0,0,0,[],[],https://twitter.com/dinafierro_/status/827296708044455937,False,https://twitter.com/cnnbrk/status/827296291411595264,0,,new york city,,,,,,[],,,,
827295306052149248,827293513113010176,2017-02-02 17:19:06 CST,2017-02-02,17:19:06,-0500,17181880,reneegenn,Renee Lynn (she/her),,@_mistermet Guess Trump really wanted to be able to buy a gun.,en,[],[],[],0,0,4,[],[],https://twitter.com/reneegenn/status/827295306052149248,False,,0,,new york city,,,,,,[],,,,
827294238303977472,827294238303977472,2017-02-02 17:14:51 CST,2017-02-02,17:14:51,-0500,3991656856,maureende2,Maureen De,,May all involved in  her murder doe a horrific death slowly  https://t.co/F3YWeC31dc,en,[],['https://twitter.com/judysale23/status/827249906876350464'],[],0,0,0,[],[],https://twitter.com/MaureenDe2/status/827294238303977472,False,https://twitter.com/judysale23/status/827249906876350464,0,,new york city,,,,,,[],,,,
827294126588690432,827294126588690432,2017-02-02 17:14:24 CST,2017-02-02,17:14:24,-0500,27582657,realjennalgreen,Jenna Leigh Green,,I needed a background check for a job as a hostess. But god forbid we background check someone buying a GUN! Disgraceful!  https://t.co/wchatRRUZA,en,[],['https://twitter.com/ajplus/status/827267385874800642'],[],0,5,8,[],[],https://twitter.com/realjennalgreen/status/827294126588690432,False,https://twitter.com/ajplus/status/827267385874800642,0,,new york city,,,,,,[],,,,
827293956656549889,827293956656549889,2017-02-02 17:13:44 CST,2017-02-02,17:13:44,-0500,758041221357010945,quiettouch69,Starr,,@SteveBannon your supremacist know who to mass with truth me this is not the Deep South this is New York got it✊🏾✊🏾🌚🌚💣💣,en,[],[],[],0,0,0,[],[],https://twitter.com/quiettouch69/status/827293956656549889,False,,0,,new york city,,,,,,[],,,,
827293467239907330,827293467239907330,2017-02-02 17:11:47 CST,2017-02-02,17:11:47,-0500,149858466,rosiebeeme,((voteblue)),,House votes to overturn Obama gun rule  https://t.co/rmyYscIFtp,en,[],['http://thehill.com/regulation/317634-house-republicans-block-obama-era-gun-rule'],[],0,0,0,[],[],https://twitter.com/rosiebeeme/status/827293467239907330,False,,0,,new york city,,,,,,[],,,,
827292290993487873,827292290993487873,2017-02-02 17:07:07 CST,2017-02-02,17:07:07,-0500,29798815,qbanqt,THEE Cuban Unicorn,,Why is is ALWAYS WM who tell the rest of us to embrace some BS esp if it's racist or sexist? You could just STFU Matthew  https://t.co/FdChhrlg44,en,[],['https://twitter.com/people/status/826978465672986624'],[],0,1,0,[],[],https://twitter.com/qbanqt/status/827292290993487873,False,https://twitter.com/people/status/826978465672986624,0,,new york city,,,,,,[],,,,
827292263965356032,827292263965356032,2017-02-02 17:07:00 CST,2017-02-02,17:07:00,-0500,53355461,olgaperetyatko,OLGA PERETYATKO,"{'type': 'Point', 'coordinates': [40.7142, -74.0064]}",Watch this video made by adorable @glowbyaffan from yesterday shooting with THE Master…  https://t.co/Hd9sHVomhd,en,"[{'screen_name': 'glowbyaffan', 'name': 'affan malik', 'id': '250892492'}]",['https://www.instagram.com/p/BQBu1DFhcZG/'],[],0,0,4,[],[],https://twitter.com/Olgaperetyatko/status/827292263965356032,False,,0,,new york city,,,,,,[],,,,
827291961379926016,827291961379926016,2017-02-02 17:05:48 CST,2017-02-02,17:05:48,-0500,15531862,sixfive,NM,,"“It’s a stunning thing, that a white supremacist would be a permanent member of the National Security Council” – Nancy Pelosi",en,[],[],[],0,0,1,[],[],https://twitter.com/sixfive/status/827291961379926016,False,,0,,new york city,,,,,,[],,,,
827291763303804928,827291763303804928,2017-02-02 17:05:01 CST,2017-02-02,17:05:01,-0500,53355461,olgaperetyatko,OLGA PERETYATKO,"{'type': 'Point', 'coordinates': [40.7142, -74.0064]}",Watch this video made by adorable @glowbyaffan from yesterday shooting with The master…  https://t.co/OSbhZCx74J,en,"[{'screen_name': 'glowbyaffan', 'name': 'affan malik', 'id': '250892492'}]",['https://www.instagram.com/p/BQBuljyhlUd/'],[],0,0,0,[],[],https://twitter.com/Olgaperetyatko/status/827291763303804928,False,,0,,new york city,,,,,,[],,,,
827290951739666432,827290951739666432,2017-02-02 17:01:47 CST,2017-02-02,17:01:47,-0500,19982671,cafeterianyc,CAFETERIA,"{'type': 'Point', 'coordinates': [40.74062749, -73.99823141]}","Not only did the groundhog see his shadow , he saw you enjoying a Mac Attack at Cafeteria!…  https://t.co/yJwA7whScO",en,[],['https://www.instagram.com/p/BQBuOmblf0R/'],[],0,0,0,[],[],https://twitter.com/CAFETERIAnyc/status/827290951739666432,False,,0,,new york city,,,,,,[],,,,
827289453391728640,821409522069700611,2017-02-02 16:55:50 CST,2017-02-02,16:55:50,-0500,79531277,willieyams,Man by Himself 🇯🇲,,@derekdli Oh he's screwed on the possession. I was thinking more about the murder.,en,[],[],[],0,0,0,[],[],https://twitter.com/WillieYams/status/827289453391728640,False,,0,,new york city,,,,,,"[{'screen_name': 'derekdli', 'name': 'Derek Li 🇨🇦', 'id': '18894396'}]",,,,
827288965891948547,827288839660175363,2017-02-02 16:53:54 CST,2017-02-02,16:53:54,-0500,274741807,iamdaynescott,booked&bussy,,@IamDayneScott people with mental illness who want to own a gun,en,[],[],[],0,0,0,[],[],https://twitter.com/IamDayneScott/status/827288965891948547,False,,0,,new york city,,,,,,"[{'screen_name': 'IamDayneScott', 'name': 'booked&bussy', 'id': '274741807'}]",,,,
827287859983953922,827287859983953922,2017-02-02 16:49:30 CST,2017-02-02,16:49:30,-0500,28618917,xyzxyz101101,smiling,,The mayor first. Responsible for violence assault and damage following his stupid STAND DOWN order! SHAME!  https://t.co/vQrEZDRCbJ,en,[],['https://twitter.com/txconservgirl/status/827279064838742016'],[],1,4,6,[],[],https://twitter.com/xyzxyz101101/status/827287859983953922,False,https://twitter.com/txconservgirl/status/827279064838742016,0,,new york city,,,,,,[],,,,
827287610963980288,827287610963980288,2017-02-02 16:48:31 CST,2017-02-02,16:48:31,-0500,454851514,jmtaychi,Joseph Taylor,,Good. ⚡️ “Nancy Pelosi calls Steve Bannon a white supremacist during presser”   https://t.co/nVcRx7EFUH,en,[],['https://twitter.com/i/moments/827257870337007617'],[],0,2,2,[],[],https://twitter.com/jmtaychi/status/827287610963980288,False,,0,,new york city,,,,,,[],,,,
827287510770384896,827287510770384896,2017-02-02 16:48:07 CST,2017-02-02,16:48:07,-0500,1678243244,esqmontgomery,Esq Montgomery,,Funny Trump removed white supremacist from terror watch and Nancy Pelosi calling out his right hand man as one,en,[],[],[],1,14,8,[],[],https://twitter.com/EsqMontgomery/status/827287510770384896,False,,0,,new york city,,,,,,[],,,,
827287246181109760,827287246181109760,2017-02-02 16:47:04 CST,2017-02-02,16:47:04,-0500,2919887134,avobrazorunma4,GET VACCINATED & BOOSTED & MASKUP😷,,"@SenatorCollins DeVos is such a danger to USA children. She really is clueless, not knowing the diff. btwn growth &amp; proficiency?!?",en,[],[],[],0,0,0,[],[],https://twitter.com/AvoBrazOrunMa4/status/827287246181109760,False,,0,,new york city,,,,,,[],,,,
827287165142966272,827287165142966272,2017-02-02 16:46:45 CST,2017-02-02,16:46:45,-0500,713426483566522370,midwood49,Annie Higgins,,"#TheFive  Schumer, Booker and Franken are playing to base. Warren and Pelosi are nuts but dangerous nuts. All are instigating violence  https://t.co/wzp5D5oqb2",en,[],['https://twitter.com/cemoto78/status/827284784653086725'],[],0,0,3,['thefive'],[],https://twitter.com/Midwood49/status/827287165142966272,False,https://twitter.com/cemoto78/status/827284784653086725,0,,new york city,,,,,,[],,,,
827287003980976128,827287003980976128,2017-02-02 16:46:06 CST,2017-02-02,16:46:06,-0500,749398598446637057,trumphaterny,Trump Hater,,"@ABCPolitics Hey McConaughey,we don't need to embrace, a racist, facist, Nazi.Time to boycott your movies but haven't seen much of u lately.  https://t.co/654mAF8bEi",en,[],['https://twitter.com/abcpolitics/status/827270852878045184'],[],0,0,0,[],[],https://twitter.com/TrumpHaterNY/status/827287003980976128,False,https://twitter.com/abcpolitics/status/827270852878045184,0,,new york city,,,,,,[],,,,
827286966366564353,827286966366564353,2017-02-02 16:45:57 CST,2017-02-02,16:45:57,-0500,67662430,kellyaburns,Kelly Burns,,Just found out that last nights @Uber driver made a rape joke about me to my friends after I got out of the car. Not ok. Ever.,en,"[{'screen_name': 'uber', 'name': 'uber', 'id': '19103481'}]",[],[],1,1,2,[],[],https://twitter.com/kellyaburns/status/827286966366564353,False,,0,,new york city,,,,,,[],,,,
827286814226395136,827283827928166400,2017-02-02 16:45:21 CST,2017-02-02,16:45:21,-0500,68584757,owensj4319,Joyce Owens,,"@StopTrump2020 @politicususa #45, destroying nation via his executive  orders, ignorant antaganisnm, public unrest, violent protest, ENOUGH!",en,[],[],[],1,0,0,[],[],https://twitter.com/owensj4319/status/827286814226395136,False,,0,,new york city,,,,,,"[{'screen_name': 'StopTrump2020', 'name': 'Stop Trump 🍷', 'id': '797080559839309824'}, {'screen_name': 'politicususa', 'name': 'PoliticusUSA', 'id': '14792049'}]",,,,
827285854926184452,827285854926184452,2017-02-02 16:41:32 CST,2017-02-02,16:41:32,-0500,48059511,kahaimnadze,Kaha Imnadze (კახა იმნაძე),,"#Ukraine Amb @YelchenkoUN -""Russia uses same escalation pattern agnst Ukraine as it used b4 its fullscale attack agnst #Georgia in Aug.2008""  https://t.co/TPaRdHpbYu",en,"[{'screen_name': 'yelchenkoun', 'name': 'volodymyr yelchenko', 'id': '4449439241'}]",[],['https://pbs.twimg.com/media/C3sbODjVUAAe6Tx.jpg'],0,17,10,"['ukraine', 'georgia']",[],https://twitter.com/kahaimnadze/status/827285854926184452,False,,1,https://pbs.twimg.com/media/C3sbODjVUAAe6Tx.jpg,new york city,,,,,,[],,,,
827285148982841346,827285148982841346,2017-02-02 16:38:44 CST,2017-02-02,16:38:44,-0500,336150879,yungpanko,Jared Ray Johnson,,trump gonna bring the real gun emoji back,en,[],[],[],0,0,2,[],[],https://twitter.com/yungpanko/status/827285148982841346,False,,0,,new york city,,,,,,[],,,,
827284544076148736,827284544076148736,2017-02-02 16:36:20 CST,2017-02-02,16:36:20,-0500,419487011,sulomeanderson,Sulome,,"To be clear, violent protests are about as effective as throwing a screaming tantrum: they just make it easier for them not to listen",en,[],[],[],2,3,10,[],[],https://twitter.com/SulomeAnderson/status/827284544076148736,False,,0,,new york city,,,,,,[],,,,
827284270833995777,827284270833995777,2017-02-02 16:35:15 CST,2017-02-02,16:35:15,-0500,371032323,l0sr13,Monkey J. Luffy,,So @nyuniversity is just gonna let openly racist @Gavin_McInnes come to the school and speak like that's cool? That's wild!  https://t.co/PobqLIJigS,en,"[{'screen_name': 'nyuniversity', 'name': 'new york university', 'id': '28421825'}, {'screen_name': 'gavin_mcinnes', 'name': 'gavin mcinnes', 'id': '147580943'}]",[],['https://pbs.twimg.com/media/C3saplTVMAE8Ddf.jpg'],3,1,0,[],[],https://twitter.com/L0SR13/status/827284270833995777,False,,1,https://pbs.twimg.com/media/C3saplTVMAE8Ddf.jpg,new york city,,,,,,[],,,,
827283690459852801,827283690459852801,2017-02-02 16:32:56 CST,2017-02-02,16:32:56,-0500,2223512963,caitlin_nezri,caitlin_nezri,,I need to stop watching ABC when I'm not caught up on greys or how to get away with murder 😭😭😭,en,[],[],[],1,0,0,[],[],https://twitter.com/caitlin_nezri/status/827283690459852801,False,,0,,new york city,,,,,,[],,,,
827283626651897856,758656216323293184,2017-02-02 16:32:41 CST,2017-02-02,16:32:41,-0500,488018426,classiclegen7,CJ,,@OMAROSA really 45 nominated a racist for AG COLLECT YOUR CHK AND BE QUITE,en,[],[],[],0,0,0,[],[],https://twitter.com/CLASSICLEGEN7/status/827283626651897856,False,,0,,new york city,,,,,,"[{'screen_name': 'OMAROSA', 'name': 'Omarosa', 'id': '16799621'}]",,,,
827283193782947840,827283193782947840,2017-02-02 16:30:58 CST,2017-02-02,16:30:58,-0500,463162523,john_siracusa,John Siracusa,,⚡️ “Nancy Pelosi calls Steve Bannon a white supremacist during presser”   https://t.co/Q3hd9Nnmvu,en,[],['https://twitter.com/i/moments/827257870337007617'],[],0,0,0,[],[],https://twitter.com/john_siracusa/status/827283193782947840,False,,0,,new york city,,,,,,[],,,,
827282920716918785,827282920716918785,2017-02-02 16:29:53 CST,2017-02-02,16:29:53,-0500,16087682,htimsevets,Steve Smith,,"So I have to get a background check to volunteer at camp, but totally makes sense to not need one to buy a gun.  Yup.",en,[],[],[],0,0,0,[],[],https://twitter.com/htimsevets/status/827282920716918785,False,,0,,new york city,,,,,,[],,,,
827282693784170496,827282693784170496,2017-02-02 16:28:59 CST,2017-02-02,16:28:59,-0500,814551914234920961,hailey_plaza,Hailzzzz,,"Niggas play the victim, you a fool if you trust that.",en,[],[],[],0,0,1,[],[],https://twitter.com/hailey_plaza/status/827282693784170496,False,,0,,new york city,,,,,,[],,,,
827282520999735296,827282520999735296,2017-02-02 16:28:17 CST,2017-02-02,16:28:17,-0500,16087682,htimsevets,Steve Smith,,"So I have to get a background check to even make wine, let alone sell it.  But totally makes sense you don't need one to buy a gun. Yup.",en,[],[],[],0,0,0,[],[],https://twitter.com/htimsevets/status/827282520999735296,False,,0,,new york city,,,,,,[],,,,
827281445286600706,827281445286600706,2017-02-02 16:24:01 CST,2017-02-02,16:24:01,-0500,713426483566522370,midwood49,Annie Higgins,,"@Politcswatch #TheFive  After all the destruction and violence that spilled into the community, only one person arrested  https://t.co/tOtheurlyK",en,[],['https://twitter.com/politcswatch/status/827278678920802305'],[],0,0,0,['thefive'],[],https://twitter.com/Midwood49/status/827281445286600706,False,https://twitter.com/politcswatch/status/827278678920802305,0,,new york city,,,,,,[],,,,
827281174712115200,827281174712115200,2017-02-02 16:22:56 CST,2017-02-02,16:22:56,-0500,407594760,iamdezit,Iam Dezit!,"{'type': 'Point', 'coordinates': [40.87545, -73.8655]}",Shhhh #everywhere #iamdezit @ Gun Hill Houses  https://t.co/ODg3td8J92,en,[],['https://www.instagram.com/p/BQBpxo4B3be/'],[],0,0,0,"['everywhere', 'iamdezit']",[],https://twitter.com/IamDezit/status/827281174712115200,False,,0,,new york city,,,,,,[],,,,
827280839604006912,827280839604006912,2017-02-02 16:21:36 CST,2017-02-02,16:21:36,-0500,557154568,jimfenzel,jim fenzel,,Never offer your hollow post shooting thoughts &amp; prayers again you complicit asshats  https://t.co/7TtjcNg3PZ,en,[],['https://twitter.com/ap/status/827263498283479040'],[],0,0,3,[],[],https://twitter.com/JimFenzel/status/827280839604006912,False,https://twitter.com/ap/status/827263498283479040,0,,new york city,,,,,,[],,,,
827280307451596800,827280307451596800,2017-02-02 16:19:30 CST,2017-02-02,16:19:30,-0500,18805713,brettrjohnson,Brett Johnson,,"So no ""extreme vetting"" for gun ownership, @realDonaldTrump? Baffling.  https://t.co/3cXPFsL89g",en,"[{'screen_name': 'realdonaldtrump', 'name': 'donald j. trump', 'id': '25073877'}]",['https://twitter.com/ap/status/827263498283479040'],[],0,0,0,[],[],https://twitter.com/brettrjohnson/status/827280307451596800,False,https://twitter.com/ap/status/827263498283479040,0,,new york city,,,,,,[],,,,
827279941897039873,827279941897039873,2017-02-02 16:18:02 CST,2017-02-02,16:18:02,-0500,105802207,dawnporter,Dawn Porter,,Gun violence down seems like a solid priority - oh wait  https://t.co/8ruq3L4IXx,en,[],['https://twitter.com/cohenss/status/827265973686185984'],[],0,0,1,[],[],https://twitter.com/dawnporter/status/827279941897039873,False,https://twitter.com/cohenss/status/827265973686185984,0,,new york city,,,,,,[],,,,
827278627251200000,827278627251200000,2017-02-02 16:12:49 CST,2017-02-02,16:12:49,-0500,62046607,mrmarinknows,©️ Mr. Marin,,You get a gun You get a gun You get a gun EVERYONE GETS A GUN! *Oprah voice*  https://t.co/sIOQFjGEW5,en,[],['https://twitter.com/ap/status/827263498283479040'],[],0,0,0,[],[],https://twitter.com/MrMarinKnows/status/827278627251200000,False,https://twitter.com/ap/status/827263498283479040,0,,new york city,,,,,,[],,,,
827278510838255618,827278510838255618,2017-02-02 16:12:21 CST,2017-02-02,16:12:21,-0500,364219582,k_tamta,Tamta Kupradze,,Russia uses same escalation pattern agnst Ukraine as it used before its full-scale attack agnst #Georgia in August2008-#Ukraine UNAmb. #UNSC  https://t.co/f5eY7B3zv3,en,[],[],['https://pbs.twimg.com/media/C3sVaVcVUAImvtX.jpg'],0,1,0,"['georgia', 'ukraine', 'unsc']",[],https://twitter.com/K_Tamta/status/827278510838255618,False,,1,https://pbs.twimg.com/media/C3sVaVcVUAImvtX.jpg,new york city,,,,,,[],,,,
827278496061743104,827278496061743104,2017-02-02 16:12:18 CST,2017-02-02,16:12:18,-0500,301746138,ritaj2011,Rita Lou,,So @POTUS can buy a gun now?  Yikes.  https://t.co/PjZPdDGTbJ,en,"[{'screen_name': 'potus', 'name': 'president biden', 'id': '1349149096909668363'}]",['https://twitter.com/thehill/status/827265345937223680'],[],2,1,1,[],[],https://twitter.com/RitaJ2011/status/827278496061743104,False,https://twitter.com/thehill/status/827265345937223680,0,,new york city,,,,,,[],,,,
827277079054016512,827277079054016512,2017-02-02 16:06:40 CST,2017-02-02,16:06:40,-0500,2678130680,joshdwh,Josh DWH,"{'type': 'Point', 'coordinates': [40.8702, -73.8458]}",Lately. Motion Siccness Available Everywhere. More Videos Soon ++++++ @ Gun Hill Road  https://t.co/dsAw8iUSSZ,en,[],['https://www.instagram.com/p/BQBn6uhgmh-/'],[],0,0,0,[],[],https://twitter.com/joshDWH/status/827277079054016512,False,,0,,new york city,,,,,,[],,,,
827276709246300161,827276709246300161,2017-02-02 16:05:12 CST,2017-02-02,16:05:12,-0500,760194727719342081,sportsman1968,STEPHEN RUSS JR,,"@NICKIMINAJ Soon Crime No More Jw.orgLibrary,Type exact title(Root of problem,1Corinthians15:24,25)Jw.orgOff/PUB/Bott Pg 'O Jeh' video.Cont-",en,[],[],[],0,0,0,[],[],https://twitter.com/sportsman1968/status/827276709246300161,False,,0,,new york city,,,,,,[],,,,
827276606863314946,827276606863314946,2017-02-02 16:04:47 CST,2017-02-02,16:04:47,-0500,733447857685024768,delishbitch,feeding my birds,,"""I am a victim of reality show editing.""",en,[],[],[],0,0,2,[],[],https://twitter.com/DelishBitch/status/827276606863314946,False,,0,,new york city,,,,,,[],,,,
827276578509901825,827276578509901825,2017-02-02 16:04:41 CST,2017-02-02,16:04:41,-0500,126389466,dantherriault,Dan Therriault,,"California Democratic lawmakers call Donald threatening U.C. Berkeley an ""abuse of power.""  https://t.co/QNhXNHp07H via @Reuters",en,"[{'screen_name': 'reuters', 'name': 'reuters', 'id': '1652541'}]",['http://reut.rs/2kw8b9m'],[],3,28,46,[],[],https://twitter.com/dantherriault/status/827276578509901825,False,,0,,new york city,,,,,,[],,,,
827276198199767040,827276198199767040,2017-02-02 16:03:10 CST,2017-02-02,16:03:10,-0500,263925585,allanrenz,Allan Renz,,Allowing mentally ill people to have a gun is good policy?  https://t.co/JMHyjTyZC6,en,[],['https://twitter.com/SteveScalise/status/827265383941824512'],[],0,0,0,[],[],https://twitter.com/allanrenz/status/827276198199767040,False,https://twitter.com/SteveScalise/status/827265383941824512,0,,new york city,,,,,,[],,,,
827274744131051520,827274744131051520,2017-02-02 15:57:23 CST,2017-02-02,15:57:23,-0500,129604519,bendoesbroadway,Ben Cameron,"{'type': 'Point', 'coordinates': [40.7534997, -73.99202282]}",Awesome morning shooting new #dcda  (that's dance captain dance attack) episodes for…  https://t.co/Iz1yZvnpLR,en,[],['https://www.instagram.com/p/BQBm29ajgwM/'],[],0,0,0,['dcda'],[],https://twitter.com/BenDoesBROADWAY/status/827274744131051520,False,,0,,new york city,,,,,,[],,,,
827274625629319170,826966258591596546,2017-02-02 15:56:55 CST,2017-02-02,15:56:55,-0500,182577520,davecdnb,Dave C,,"@deplorable065 I'm a moderate democrat who opposes violence, whether it's from anarchists, anti-fascists &amp; socialists. Nice chatting Johnny",en,[],[],[],1,0,0,[],[],https://twitter.com/davecdnb/status/827274625629319170,False,,0,,new york city,,,,,,"[{'screen_name': 'deplorable065', 'name': 'Johnathan Cagg', 'id': '777693103905845248'}]",,,,
827274229447954432,827274229447954432,2017-02-02 15:55:20 CST,2017-02-02,15:55:20,-0500,296431804,lpfedme,lauren paige,,becky you in danger girl  https://t.co/cKGg8uSNKA,en,[],['https://twitter.com/refinery29/status/827203950499733505'],[],2,0,11,[],[],https://twitter.com/lpfedme/status/827274229447954432,False,https://twitter.com/refinery29/status/827203950499733505,0,,new york city,,,,,,[],,,,
827274227472437248,826966258591596546,2017-02-02 15:55:20 CST,2017-02-02,15:55:20,-0500,182577520,davecdnb,Dave C,,"@deplorable065 you're being dishonest if you read that &amp; turn it into ""he favors violence in streets"". Common tactic amongst the Deplorables",en,[],[],[],1,0,0,[],[],https://twitter.com/davecdnb/status/827274227472437248,False,,0,,new york city,,,,,,"[{'screen_name': 'deplorable065', 'name': 'Johnathan Cagg', 'id': '777693103905845248'}]",,,,
827274126746226688,827274126746226688,2017-02-02 15:54:56 CST,2017-02-02,15:54:56,-0500,2854781367,itsnorbitpeters,Norbit Peters,,Tell @realDonaldTrump:  ARREST GEORGE SOROS!  (re-tweet)  @cnn @msnbc @mediaite @abc @oann @DrMartyFox @LeahR77 @CarmineZozzora @cernovich,fr,"[{'screen_name': 'realdonaldtrump', 'name': 'donald j. trump', 'id': '25073877'}, {'screen_name': 'cnn', 'name': 'cnn', 'id': '759251'}, {'screen_name': 'msnbc', 'name': 'msnbc', 'id': '2836421'}, {'screen_name': 'mediaite', 'name': 'mediaite', 'id': '29465136'}, {'screen_name': 'abc', 'name': 'abc news', 'id': '28785486'}, {'screen_name': 'oann', 'name': 'one america news', 'id': '1209936918'}, {'screen_name': 'drmartyfox', 'name': 'dr. marty fox 🇺🇸', 'id': '26900055'}, {'screen_name': 'leahr77', 'name': '𝐀 𝐍𝐀𝐓𝐈𝐎𝐍 𝐑𝐄𝐁𝐎𝐑𝐍', 'id': '393190233'}, {'screen_name': 'carminezozzora', 'name': 'america is under siege! 🇺🇸', 'id': '2167674121'}, {'screen_name': 'cernovich', 'name': 'cernovich', 'id': '358545917'}]",[],[],0,0,0,[],[],https://twitter.com/ItsNorbitPeters/status/827274126746226688,False,,0,,new york city,,,,,,[],,,,
827273564055179265,827273564055179265,2017-02-02 15:52:42 CST,2017-02-02,15:52:42,-0500,30892604,tmookie,Taylor Mucaria,,Sooooooo besides gun manufactures who exactly benefits from this?  https://t.co/7C3Tr8VC8F,en,[],['https://twitter.com/thehill/status/827265345937223680'],[],0,0,0,[],[],https://twitter.com/Tmookie/status/827273564055179265,False,https://twitter.com/thehill/status/827265345937223680,0,,new york city,,,,,,[],,,,
827272117175545856,826966258591596546,2017-02-02 15:46:57 CST,2017-02-02,15:46:57,-0500,182577520,davecdnb,Dave C,,@deplorable065 yeah sure...Tim Kaine calling for violence in the streets..totally plausible..where'd you read that?  https://t.co/tYNHDApLvE?,en,[],['http://InfoWars.com'],[],2,0,0,[],[],https://twitter.com/davecdnb/status/827272117175545856,False,,0,,new york city,,,,,,"[{'screen_name': 'deplorable065', 'name': 'Johnathan Cagg', 'id': '777693103905845248'}]",,,,
827271908810854401,827271908810854401,2017-02-02 15:46:07 CST,2017-02-02,15:46:07,-0500,760194727719342081,sportsman1968,STEPHEN RUSS JR,,"@NICKIMINAJ Protect Yourself From Crime!(Many topics in one)Jw.orgOff/PUB/Mags/Disp:Awake/2013/May.Proverbs3:27,Matthew10:8,2Corinthians2:17",en,[],[],[],0,0,0,[],[],https://twitter.com/sportsman1968/status/827271908810854401,False,,0,,new york city,,,,,,[],,,,
827271528861437954,827271528861437954,2017-02-02 15:44:37 CST,2017-02-02,15:44:37,-0500,258475649,saradietschy,Sara Dietschy 🍑y,,MINIMALIST OVERHEAD SHOOTING DIY ALERT 🚨🚨🚨 in new vlog 😜👉🏻  https://t.co/8EXhwM2FXS  https://t.co/YABDWJyxWf,en,[],"['https://youtu.be/6jAmf0NFk5o', 'https://twitter.com/douglaspneill/status/827223497529192450']",[],5,5,86,[],[],https://twitter.com/saradietschy/status/827271528861437954,False,0,0,,new york city,,,,,,[],,,,
827270992489689088,827270992489689088,2017-02-02 15:42:29 CST,2017-02-02,15:42:29,-0500,20080415,edouglas528,Earl Douglas,,The GOP's response to victims of gun violence....  https://t.co/uRo7MQWfC9,en,[],['https://twitter.com/ap/status/827263498283479040'],[],2,0,0,[],[],https://twitter.com/edouglas528/status/827270992489689088,False,https://twitter.com/ap/status/827263498283479040,0,,new york city,,,,,,[],,,,
827269401074298883,826966258591596546,2017-02-02 15:36:09 CST,2017-02-02,15:36:09,-0500,182577520,davecdnb,Dave C,,@deplorable065 just like the fascist racist asshole that shot someone outside Milo's last speech in Washington..,en,[],[],[],1,0,0,[],[],https://twitter.com/davecdnb/status/827269401074298883,False,,0,,new york city,,,,,,"[{'screen_name': 'deplorable065', 'name': 'Johnathan Cagg', 'id': '777693103905845248'}]",,,,
827267276994801670,827267276994801670,2017-02-02 15:27:43 CST,2017-02-02,15:27:43,-0500,144577821,vodkasnowflake,Arn Anderson Cooper,,Step 1: Stop investigating white supremacists. Step 2: Ease gun restrictions. Step 3: ??? Step 4: Fuck.  https://t.co/SklhzVNJYC,en,[],['https://twitter.com/ap/status/827263498283479040'],[],0,0,1,[],[],https://twitter.com/vodkasnowflake/status/827267276994801670,False,https://twitter.com/ap/status/827263498283479040,0,,new york city,,,,,,[],,,,
827264742213312513,827233910216065024,2017-02-02 15:17:39 CST,2017-02-02,15:17:39,-0500,13361922,stephencrose,Stephen C. Rose -- Follow me. I reciprocate. PEACE,,If words can be violent I would call Trump and Bannon violent extremists. @stephencrose @washingtonpost,en,"[{'screen_name': 'stephencrose', 'name': 'stephen c. rose -- follow me. i reciprocate. peace', 'id': '13361922'}, {'screen_name': 'washingtonpost', 'name': 'the washington post', 'id': '2467791'}]",[],[],0,1,0,[],[],https://twitter.com/stephencrose/status/827264742213312513,False,,0,,new york city,,,,,,[],,,,
827263888970313729,827257382145110016,2017-02-02 15:14:15 CST,2017-02-02,15:14:15,-0500,1918160378,moveonkeepgoing,Wazzanna,,"@MrEdTrain @timmeb454 as she wearing a Gay flag when they throw Hays of the roofs. No need to open your legs, rape culture will take of it",en,[],[],[],0,0,1,[],[],https://twitter.com/MoveonKeepGoing/status/827263888970313729,False,,0,,new york city,,,,,,"[{'screen_name': 'MrEdTrain', 'name': '☘️EddieKAGTrump🇺🇸⭐️⭐️⭐️', 'id': '2903166449'}]",,,,
827263458538196992,827259183644897281,2017-02-02 15:12:32 CST,2017-02-02,15:12:32,-0500,172250741,racheldulitz,Rachel Dulitz,,@TheFienPrint Or it's a crime for paying for 30 minutes of wifi in the first place? :),en,[],[],[],1,0,0,[],[],https://twitter.com/racheldulitz/status/827263458538196992,False,,0,,new york city,,,,,,"[{'screen_name': 'TheFienPrint', 'name': 'Daniel Fienberg', 'id': '14305399'}]",,,,
827262340076707842,827262340076707842,2017-02-02 15:08:06 CST,2017-02-02,15:08:06,-0500,40505249,whoisluka,luka sabbat,,"Gianni and I are each other's moodboards, He inspired the gun assembly tattoo.",en,[],[],[],2,15,319,[],[],https://twitter.com/whoisluka/status/827262340076707842,False,,0,,new york city,,,,,,[],,,,
827262123696730113,827262123696730113,2017-02-02 15:07:14 CST,2017-02-02,15:07:14,-0500,382865077,sometimesamani,"black lives matter, karen","{'type': 'Point', 'coordinates': [40.7472857, -73.99538406]}",shoutout to my professor who asked me in front of the class what kinda anxiety i have and if i’m currently having a panic attack!!!,en,[],[],[],1,0,2,[],[],https://twitter.com/sometimesamani/status/827262123696730113,False,,0,,new york city,,,,,,[],,,,
827259594812461056,827257380811313156,2017-02-02 14:57:11 CST,2017-02-02,14:57:11,-0500,26874918,shroomy_24,SHROOMY,,Flint btw also has a higher rate of violent crime than the Chi...but still no fucks.,en,[],[],[],0,0,1,[],[],https://twitter.com/shroomy_24/status/827259594812461056,False,,0,,new york city,,,,,,[],,,,
827259345591099397,827257380811313156,2017-02-02 14:56:12 CST,2017-02-02,14:56:12,-0500,26874918,shroomy_24,SHROOMY,,I love how he cares so deeply about the violence in Chicago but gives no fucks about people 200 miles from there in Flint with no water,en,[],[],[],1,1,4,[],[],https://twitter.com/shroomy_24/status/827259345591099397,False,,0,,new york city,,,,,,[],,,,
827256582090076164,827189750482292736,2017-02-02 14:45:13 CST,2017-02-02,14:45:13,-0500,2513280075,klov318,❤Ms.Unique ❤,,@SweetsCheeks33 @MSPNY yeah not trying to be funny but I bet portchester has alot of that going on with trafficking,en,[],[],[],1,0,0,[],[],https://twitter.com/klov318/status/827256582090076164,False,,0,,new york city,,,,,,"[{'screen_name': 'SweetsCheeks33', 'name': 'Royal BlackDiamond💋', 'id': '3404053337'}, {'screen_name': 'MSPNY', 'name': ""My Sisters' Place"", 'id': '51042717'}]",,,,
827256396081016832,827215563688669186,2017-02-02 14:44:29 CST,2017-02-02,14:44:29,-0500,9321562,gesa,Aki the Conqueror 🦓,,@nicholas_mm followed by “please take a moment to educate yourself on the history of resistance so you don’t put people in danger.”,en,[],[],[],0,0,0,[],[],https://twitter.com/gesa/status/827256396081016832,False,,0,,new york city,,,,,,[],,,,
827255461032308736,827255461032308736,2017-02-02 14:40:46 CST,2017-02-02,14:40:46,-0500,704811663690752000,onlynapping,Charl,,Jess u a racist?  I vote 'yes'. Another dummy called Romney a racist &amp; was fired when word came out his kids adopted black child. Oh well  https://t.co/Nbmdmi0iGw,en,[],['https://twitter.com/jessica_in_cosp/status/827239139074506753'],[],0,0,1,[],[],https://twitter.com/onlynapping/status/827255461032308736,False,0,0,,new york city,,,,,,[],,,,
827255150288908289,827255150288908289,2017-02-02 14:39:32 CST,2017-02-02,14:39:32,-0500,14574323,ricagudelo,Richard Agudelo,"{'type': 'Point', 'coordinates': [40.7142, -74.0064]}",The indomitable and historic #HarryBenson. One the last greats still shooting today. A global…  https://t.co/8NzffmpIPb,en,[],['https://www.instagram.com/p/BQBd8zhASHY/'],[],0,0,0,['harrybenson'],[],https://twitter.com/ricagudelo/status/827255150288908289,False,,0,,new york city,,,,,,[],,,,
827254657944735746,827254657944735746,2017-02-02 14:37:34 CST,2017-02-02,14:37:34,-0500,449120897,nypdrecruit,NYPD Recruitment,,Ana made it through the Pursuit Run now lets see her save a victim that is waiting for her. #ItsYouWeWant #NYPD #BringWhoYouAre  https://t.co/28GbrPYyJB,en,[],[],[],0,5,9,"['itsyouwewant', 'nypd', 'bringwhoyouare']",[],https://twitter.com/nypdrecruit/status/827254657944735746,False,,1,https://pbs.twimg.com/ext_tw_video_thumb/827254419670446082/pu/img/v8YiR4MuTporo4af.jpg,new york city,,,,,,[],,,,
827252777805963265,827252777805963265,2017-02-02 14:30:06 CST,2017-02-02,14:30:06,-0500,53932318,newyorkcp,New York Now,"{'type': 'Point', 'coordinates': [40.71669795, -74.00001602]}",Boston Marathon bombing victim who lost part of her leg competes in 40th annual Empire State Building Run-Up…  https://t.co/wFIgNmpXHS,en,[],['https://twitter.com/i/web/status/827246523780050948'],[],0,0,0,[],[],https://twitter.com/NewYorkCP/status/827252777805963265,False,,0,,new york city,,,,,,[],,,,
827251584698560512,827249242750275588,2017-02-02 14:25:22 CST,2017-02-02,14:25:22,-0500,634170042,chadmac19,Chad R. MacDonald,,"@ChadMac19 7. Trump takes a call from Putin in the White House. Days later, Russia resumes its attack on The Ukraine.",en,[],[],[],1,2,1,[],[],https://twitter.com/ChadMac19/status/827251584698560512,False,,0,,new york city,,,,,,"[{'screen_name': 'ChadMac19', 'name': 'Chad R. MacDonald', 'id': '634170042'}]",,,,
827250995759558657,827250995759558657,2017-02-02 14:23:01 CST,2017-02-02,14:23:01,-0500,1640929196,mmpadellan,BrooklynDad_Defiant!,,"Another NEWS ALERT: Buncha racists flip out over woman's emails, elect RICH racist idiot 2 burn down their own country. #ThursdayThoughts  https://t.co/8Isc4hM9Af",en,[],['https://twitter.com/foxandfriends/status/827130707403083776'],[],7,101,191,['thursdaythoughts'],[],https://twitter.com/mmpadellan/status/827250995759558657,False,https://twitter.com/foxandfriends/status/827130707403083776,0,,new york city,,,,,,[],,,,
827250353401974784,827249038932246531,2017-02-02 14:20:28 CST,2017-02-02,14:20:28,-0500,820840315523371008,briglebe,bridge (she/her),,or what religion bc when christ died he forgave us for even the worst offense -- the murder of the son of god,en,[],[],[],1,0,0,[],[],https://twitter.com/briglebe/status/827250353401974784,False,,0,,new york city,,,,,,[],,,,
827249566596620293,827249566596620293,2017-02-02 14:17:20 CST,2017-02-02,14:17:20,-0500,2602146772,stat1c_da_king,ÉSTATÍ⚡️🇩🇴,,Everybody saying rip chris kyle but forget that he was a proud racist,en,[],[],[],0,1,0,[],[],https://twitter.com/stat1c_da_king/status/827249566596620293,False,,0,,new york city,,,,,,[],,,,
827247019018297346,827247019018297346,2017-02-02 14:07:13 CST,2017-02-02,14:07:13,-0500,383905334,jeremyarambulo,Jeremy Arambulo,"{'type': 'Point', 'coordinates': [40.8462, -73.9385]}","Just watched the awesome ""Gimme Danger"" doc, so here's Iggy waving at me w/ the late great…  https://t.co/ji6UsnTUY6",en,[],['https://www.instagram.com/p/BQBaQELgoLs/'],[],0,0,0,[],[],https://twitter.com/JeremyArambulo/status/827247019018297346,False,,0,,new york city,,,,,,[],,,,
827245796861026304,827245796861026304,2017-02-02 14:02:22 CST,2017-02-02,14:02:22,-0500,51595502,iamdanny_,.,,"My gun on fire, its about to be a stick up",en,[],[],[],0,0,0,[],[],https://twitter.com/iamDanny_/status/827245796861026304,False,,0,,new york city,,,,,,[],,,,
827243517328183297,827243517328183297,2017-02-02 13:53:18 CST,2017-02-02,13:53:18,-0500,1062957535,marilagennaro,Dr. Marila Gennaro - For 🇺🇦,,"Violent #berkeleyprotests counterproductive. #berkeley leadership inviting alt-right speaker untimely, to say the least.  https://t.co/SKG6gZaMqn",en,[],['https://twitter.com/jaketapper/status/827201442335293441'],[],0,0,0,"['berkeleyprotests', 'berkeley']",[],https://twitter.com/MarilaGennaro/status/827243517328183297,False,https://twitter.com/jaketapper/status/827201442335293441,0,,new york city,,,,,,[],,,,
827243061679886337,827243061679886337,2017-02-02 13:51:29 CST,2017-02-02,13:51:29,-0500,17180623,thesepinklips,thesepinklips,"{'type': 'Point', 'coordinates': [40.7142, -74.0064]}",Shooting in these New York with my @Pat_Field #artfashion family! @scooterlaforge…  https://t.co/QVGgHMC8j4,en,"[{'screen_name': 'pat_field', 'name': 'patricia field', 'id': '58590381'}, {'screen_name': 'scooterlaforge', 'name': 'scooter laforge', 'id': '160052338'}]",['https://www.instagram.com/p/BQBYc_MDqfK/'],[],0,0,1,['artfashion'],[],https://twitter.com/thesepinklips/status/827243061679886337,False,,0,,new york city,,,,,,[],,,,
827242981463822336,827242862186225664,2017-02-02 13:51:10 CST,2017-02-02,13:51:10,-0500,81914514,deannagallina,Dee❣️,,@DeannaGallina id rather get a notif abt her pregnancy everyday than get a notif abt a school shooting. Or any other bullshit in this world,en,[],[],[],1,0,0,[],[],https://twitter.com/DeannaGallina/status/827242981463822336,False,,0,,new york city,,,,,,"[{'screen_name': 'DeannaGallina', 'name': 'Dee❣️', 'id': '81914514'}]",,,,
827242506999984128,827242506999984128,2017-02-02 13:49:17 CST,2017-02-02,13:49:17,-0500,71169707,nbcubankid2010,The Phenomenal Ara,,Damn Seth Rollins injured again,en,[],[],[],0,0,1,[],[],https://twitter.com/NBCUBANKID2010/status/827242506999984128,False,,0,,new york city,,,,,,[],,,,
827242326707806208,827242326707806208,2017-02-02 13:48:34 CST,2017-02-02,13:48:34,-0500,20178557,barbikat,Barbara R.  Lee,,Brooklyn Immigrant rights march.  Racist comments from co-workers are disgusting.  I hate my job.  https://t.co/0mTAgEiBu7,en,[],[],['https://pbs.twimg.com/media/C3r0ZUfWYAQoi0K.jpg'],0,0,0,[],[],https://twitter.com/Barbikat/status/827242326707806208,False,,1,https://pbs.twimg.com/media/C3r0ZUfWYAQoi0K.jpg,new york city,,,,,,[],,,,
827242325030137861,827242325030137861,2017-02-02 13:48:34 CST,2017-02-02,13:48:34,-0500,80337259,lizhall349,Liz Hall,,"Steve Bannon has a great head of hair, and his eyes really sparkle when he thinks about murder. (Better, right?)",en,[],[],[],0,0,0,[],[],https://twitter.com/lizhall349/status/827242325030137861,False,,0,,new york city,,,,,,[],,,,
827241947836334081,827241947836334081,2017-02-02 13:47:04 CST,2017-02-02,13:47:04,-0500,104714715,legiscanny,LegiScan NY,"{'type': 'Point', 'coordinates': [40.77112, -73.97419]}","A03781 [NEW] Enacts the ""elderly abuse protective act"" to protect residents 62 years of age or older who suffer a...  https://t.co/1wOUkTrJmc",en,[],['http://bitly.com/X2mf88'],[],0,0,0,[],[],https://twitter.com/LegiScanNY/status/827241947836334081,False,,0,,new york city,,,,,,[],,,,
827241815652892672,810612005593759744,2017-02-02 13:46:32 CST,2017-02-02,13:46:32,-0500,15322264,unitof,Jacob Ford,"{'type': 'Point', 'coordinates': [40.75454879, -74.00020986]}",@jasonmstauffer Shooting the controls is the Empire’s key under the welcome mat.,en,[],[],[],1,0,1,[],[],https://twitter.com/unitof/status/827241815652892672,False,,0,,new york city,,,,,,[],,,,
827240541364568065,827240541364568065,2017-02-02 13:41:29 CST,2017-02-02,13:41:29,-0500,597761673,dimplesofdoom,Golden Librarian 🌞🧁📚,,"@realDonaldTrump interesting how you deem the a dead soldier, several injured soldiers, dead women &amp; children a success. 🤔",en,[],[],[],0,0,0,[],[],https://twitter.com/dimplesofdoom/status/827240541364568065,False,,0,,new york city,,,,,,[],,,,
827239912810348544,827239912810348544,2017-02-02 13:38:59 CST,2017-02-02,13:38:59,-0500,581138129,nyucga,NYUGlobalAffairs,,CGA's @marybethaltier in @WIRED article: Can You Turn a Terrorist Back Into a Citizen?  https://t.co/ZTjirLKycN  https://t.co/OcEKQ879Z2,en,"[{'screen_name': 'marybethaltier', 'name': 'dr. mary beth altier', 'id': '2748968018'}, {'screen_name': 'wired', 'name': 'wired', 'id': '1344951'}]",['http://bit.ly/2kuTrrt'],['https://pbs.twimg.com/media/C3rx-41WIAYE9gj.jpg'],0,1,2,[],[],https://twitter.com/NYUCGA/status/827239912810348544,False,,1,https://pbs.twimg.com/media/C3rx-41WIAYE9gj.jpg,new york city,,,,,,[],,,,
827239267416076288,827239267416076288,2017-02-02 13:36:25 CST,2017-02-02,13:36:25,-0500,104714715,legiscanny,LegiScan NY,"{'type': 'Point', 'coordinates': [40.77112, -73.97419]}",A03661 [NEW] Relates to gun violence restraining orders; provides a procedure whereby family members may prohibit...  https://t.co/ZL0NNKzQpT,en,[],['http://bitly.com/WKHsU8'],[],0,0,0,[],[],https://twitter.com/LegiScanNY/status/827239267416076288,False,,0,,new york city,,,,,,[],,,,
827237548045004800,827237548045004800,2017-02-02 13:29:35 CST,2017-02-02,13:29:35,-0500,766278278952943616,kingdrob3,King Dev,,"I have no respect for ""men"" who can physically, mentally, or verbally abuse a lady.  Who the hell raised these sorry excuses for men?",en,[],[],[],0,0,1,[],[],https://twitter.com/KingDrob3/status/827237548045004800,False,,0,,new york city,,,,,,[],,,,
827237116069478401,827237116069478401,2017-02-02 13:27:52 CST,2017-02-02,13:27:52,-0500,586939271,reefadaplug,Reefa,,If 12 got gun than I got gun. Try rob me of my protection. Revolution has begun.,en,[],[],[],0,0,1,[],[],https://twitter.com/ReefaDaPlug/status/827237116069478401,False,,0,,new york city,,,,,,[],,,,
827236450945073152,827236450945073152,2017-02-02 13:25:13 CST,2017-02-02,13:25:13,-0500,58889060,cvshforcvrs,.,,Shooting W. Kemi 🌸  https://t.co/aMU3x4JAiX,in,[],[],[],0,0,1,[],[],https://twitter.com/cvshforcvrs/status/827236450945073152,False,,1,https://pbs.twimg.com/ext_tw_video_thumb/827236376798228481/pu/img/a-6Me-wBLjRBGeBY.jpg,new york city,,,,,,[],,,,
827236394334564354,827236394334564354,2017-02-02 13:25:00 CST,2017-02-02,13:25:00,-0500,548078410,levinejonathan,Jon Levine,,Imagine what media would say if @PrisonPlanet et al were the ones causing Berkeley violence?,en,"[{'screen_name': 'prisonplanet', 'name': 'paul joseph watson', 'id': '18643437'}]",[],[],0,0,1,[],[],https://twitter.com/LevineJonathan/status/827236394334564354,False,,0,,new york city,,,,,,[],,,,
827236303771033601,827236303771033601,2017-02-02 13:24:38 CST,2017-02-02,13:24:38,-0500,17934812,colinjones,Colin Jones,,Uh so Nancy Pelosi called Steve Bannon a white supremacist via @tommyxtopher  https://t.co/BqnpZTptx0,en,"[{'screen_name': 'tommyxtopher', 'name': 'tommy moderna-vax-topher', 'id': '14267557'}]",[],[],31,156,351,[],[],https://twitter.com/colinjones/status/827236303771033601,False,,1,https://pbs.twimg.com/ext_tw_video_thumb/827198833671016448/pu/img/S-Yu14iQlPYMowcs.jpg,new york city,,,,,,[],,,,
827235796801445888,827227182917439488,2017-02-02 13:22:37 CST,2017-02-02,13:22:37,-0500,225202563,raxadorrequest,Voulez-Lew,,"@RyanD0ran no, you fucking weapon. Macy's",en,[],[],[],2,0,1,[],[],https://twitter.com/RaxadorRequest/status/827235796801445888,False,,0,,new york city,,,,,,"[{'screen_name': 'RyanD0ran', 'name': 'Ry', 'id': '291048378'}]",,,,
827235526109454336,826489985335443456,2017-02-02 13:21:33 CST,2017-02-02,13:21:33,-0500,3145436820,bedstuysomm,Michele Thomas,,@Lilblackbabies aaaaaaaaaccckkkkk!!! Cuteness attack. 😊,en,[],[],[],0,0,0,[],[],https://twitter.com/bedstuysomm/status/827235526109454336,False,,0,,new york city,,,,,,"[{'screen_name': 'Lilblackbabies', 'name': 'Cute Black Babies', 'id': '2263745712'}]",,,,
827235503657406466,827235503657406466,2017-02-02 13:21:28 CST,2017-02-02,13:21:28,-0500,144325625,mauricemichael,Maurice Ross,,It's about time. Call out Trump too. He is an ignorant white supremacist and racist with a possible mental disorder.Views world as his toy.  https://t.co/O6a4fanKYq,en,[],['https://twitter.com/tommyxtopher/status/827198944665071616'],[],0,0,2,[],[],https://twitter.com/MauriceMichael/status/827235503657406466,False,https://twitter.com/tommyxtopher/status/827198944665071616,0,,new york city,,,,,,[],,,,
827234601387040768,827234601387040768,2017-02-02 13:17:52 CST,2017-02-02,13:17:52,-0500,65044665,teenwitchqueenb,teenwitchQUEENBITCH,,"Just heard someone say ""Paris shooting"" and thought they said ""parachuting""",en,[],[],[],0,0,0,[],[],https://twitter.com/teenwitchqueenB/status/827234601387040768,False,,0,,new york city,,,,,,[],,,,
827232882091491329,827232882091491329,2017-02-02 13:11:02 CST,2017-02-02,13:11:02,-0500,2371009784,nypd19pct,NYPD 19th Precinct,,"#NYPDwanted: Female, light skin, mid 20's for assault aboard southbound #6Train on Sun. 12/11/16 at approx 6:50PM ☎ #800577TIPS #UES  https://t.co/zcz0a1tOWJ",en,[],[],['https://pbs.twimg.com/media/C3rrj_FWMAAzcBi.jpg'],0,21,8,"['nypdwanted', '6train', '800577tips', 'ues']",[],https://twitter.com/NYPD19Pct/status/827232882091491329,False,,1,https://pbs.twimg.com/media/C3rrj_FWMAAzcBi.jpg,new york city,,,,,,[],,,,
827232506638434305,827232506638434305,2017-02-02 13:09:33 CST,2017-02-02,13:09:33,-0500,228575087,avatar_jack,avatar_jack,,If I was half as fat as everyone says I am I would have had a heart attack a long time ago. Still ticking!,en,[],[],[],1,0,0,[],[],https://twitter.com/Avatar_Jack/status/827232506638434305,False,,0,,new york city,,,,,,[],,,,
827232258918645760,827232258918645760,2017-02-02 13:08:34 CST,2017-02-02,13:08:34,-0500,764108504999297025,dvzak,Zak Failla,,#Yorktown man arrested attempting to skip bail following previous assault charges.   https://t.co/2COlFbEiI3,en,[],['http://yorktown.dailyvoice.com/police-fire/yorktown-man-jumps-bail-for-assault-charges-police-say/698535/'],[],0,0,0,['yorktown'],[],https://twitter.com/DvZak/status/827232258918645760,False,,0,,new york city,,,,,,[],,,,
827232240505614337,827232240505614337,2017-02-02 13:08:30 CST,2017-02-02,13:08:30,-0500,50706690,511ny,511 New York,"{'type': 'Point', 'coordinates': [40.901401, -73.887802]}",Cleared: Construction on #MosholuParkway NB from END ROUTE Mosholu Parkway; Gun Hill Parkway; Saw Mill River Parkway to START ROUTE...,en,[],[],[],0,0,0,['mosholuparkway'],[],https://twitter.com/511NY/status/827232240505614337,False,,0,,new york city,,,,,,[],,,,
827231982945964042,827231982945964042,2017-02-02 13:07:28 CST,2017-02-02,13:07:28,-0500,261829222,andylvlac,fame is demise,,victim of really bad timing.,en,[],[],[],0,0,2,[],[],https://twitter.com/andylvlac/status/827231982945964042,False,,0,,new york city,,,,,,[],,,,
827231302252376064,827231302252376064,2017-02-02 13:04:46 CST,2017-02-02,13:04:46,-0500,58889060,cvshforcvrs,.,,Shooting W. Kemi Today 🌸  https://t.co/YOr8lZG9Vc,en,[],[],['https://pbs.twimg.com/media/C3rqerpWMAEJBOX.jpg'],0,0,0,[],[],https://twitter.com/cvshforcvrs/status/827231302252376064,False,,1,https://pbs.twimg.com/media/C3rqerpWMAEJBOX.jpg,new york city,,,,,,[],,,,
827230563018760192,827230563018760192,2017-02-02 13:01:50 CST,2017-02-02,13:01:50,-0500,3420823468,scissorandcomb1,Damian Monzillo,"{'type': 'Point', 'coordinates': [40.7, -73.95]}",One more! #Repost @nicholasroutzen with @repostapp ・・・ Shooting #editorial on bombshell…  https://t.co/3uqYK83Z6i,en,"[{'screen_name': 'nicholasroutzen', 'name': 'nicholas routzen', 'id': '133075803'}, {'screen_name': 'repostapp', 'name': 'repost', 'id': '808396487637995520'}]",['https://www.instagram.com/p/BQBSw9rh7ao/'],[],0,0,0,"['repost', 'editorial']",[],https://twitter.com/ScissorandComb1/status/827230563018760192,False,,0,,new york city,,,,,,[],,,,
827230382198226949,827230382198226949,2017-02-02 13:01:06 CST,2017-02-02,13:01:06,-0500,48316192,roseconcencion,Rose Concencion,"{'type': 'Point', 'coordinates': [40.71120398, -74.01188873]}",Shooting live at The Oculus in NYC 😜📸  #RoseConcencion #AdoreMe #Live #Oculus #JagModel…  https://t.co/7oOS4zJSsL,en,[],['https://www.instagram.com/p/BQBSr5Ugp2T/'],[],0,0,0,"['roseconcencion', 'adoreme', 'live', 'oculus', 'jagmodel']",[],https://twitter.com/Roseconcencion/status/827230382198226949,False,,0,,new york city,,,,,,[],,,,
827228759891836928,827183517926817792,2017-02-02 12:54:40 CST,2017-02-02,12:54:40,-0500,14718517,caseywooden,Casey Wooden,,@PaveDarker @Mechazawa_BWC @FBI but did you actually call the FBI?  tweeting isnt enough to stop a crime...,en,[],[],[],1,0,0,[],[],https://twitter.com/caseywooden/status/827228759891836928,False,,0,,new york city,,,,,,"[{'screen_name': 'PaveDarker', 'name': 'Pave Darker☻☹☻', 'id': '709690251422404608'}, {'screen_name': 'Mechazawa_BWC', 'name': 'Ken Drakor', 'id': '809128770976305152'}, {'screen_name': 'FBI', 'name': 'FBI', 'id': '17629860'}]",,,,
827228694888456192,827228694888456192,2017-02-02 12:54:24 CST,2017-02-02,12:54:24,-0500,34823393,brieyonce,Mysa Mami,,Rape jokes are never funny. You're spam.  https://t.co/UAIG2C8FQ1,en,[],['https://twitter.com/regularkel/status/827227481392476161'],[],0,0,0,[],[],https://twitter.com/Brieyonce/status/827228694888456192,False,https://twitter.com/regularkel/status/827227481392476161,0,,new york city,,,,,,[],,,,
827224568683184133,827170375377178625,2017-02-02 12:38:00 CST,2017-02-02,12:38:00,-0500,730395620050141184,cgadea02,CG,,@JesseArreguin you're a disgrace for a mayor. Why are you not condemning the violent protestors. Hispanos cansados de lá estupidezes!,es,[],[],[],0,0,0,[],[],https://twitter.com/cgadea02/status/827224568683184133,False,,0,,new york city,,,,,,"[{'screen_name': 'JesseArreguin', 'name': 'Jesse Arreguin #GetVaccinated', 'id': '21455569'}]",,,,
827224130307125248,827224130307125248,2017-02-02 12:36:16 CST,2017-02-02,12:36:16,-0500,104714715,legiscanny,LegiScan NY,"{'type': 'Point', 'coordinates': [40.77112, -73.97419]}",A04347 [NEW] Relates to aggravated vehicular homicide where a person commits the crime of vehicular manslaughter ...  https://t.co/NJum331OuF,en,[],['http://bitly.com/ZJR9kG'],[],0,0,0,[],[],https://twitter.com/LegiScanNY/status/827224130307125248,False,,0,,new york city,,,,,,[],,,,
827223261142511616,827222363364347904,2017-02-02 12:32:49 CST,2017-02-02,12:32:49,-0500,730395620050141184,cgadea02,CG,,@CNN what the F*uck? Have you heard what many progressive liberals are saying??? Is your network condoning this kind of violence?,en,[],[],[],2,2,64,[],[],https://twitter.com/cgadea02/status/827223261142511616,False,,0,,new york city,,,,,,"[{'screen_name': 'CNN', 'name': 'CNN', 'id': '759251'}]",,,,
827222552196022273,827222552196022273,2017-02-02 12:30:00 CST,2017-02-02,12:30:00,-0500,14734342,mellyg14k,Melissa Saenz Gordon,,1850 #FugitiveSlaveAct allowed Feds to arrest 'suspects' and enslave them. Blk ppl lived in constant fear as free/Slave s8 became blurred,en,[],[],[],0,0,0,['fugitiveslaveact'],[],https://twitter.com/MellyG14k/status/827222552196022273,False,,0,,new york city,,,,,,[],,,,
827222456125493248,827212851429285888,2017-02-02 12:29:37 CST,2017-02-02,12:29:37,-0500,582829522,fat_al_nyc,Fat Al,,@Lons I wasn't commenting on the situation.  I was commenting on your statement that the 1st Am. protects against arrest for speech.,en,[],[],[],1,0,0,[],[],https://twitter.com/Fat_Al_NYC/status/827222456125493248,False,,0,,new york city,,,,,,"[{'screen_name': 'Lons', 'name': 'Lon Harris', 'id': '6516132'}]",,,,
827221336665817089,827221336665817089,2017-02-02 12:25:10 CST,2017-02-02,12:25:10,-0500,294342524,hairbybobby,Bobby Fintor,,Do Not Cut the Office of Violence Against Women!  https://t.co/WFthOANVYH,en,[],['https://petitions.whitehouse.gov/petition/do-not-cut-office-violence-against-women'],[],0,0,0,[],[],https://twitter.com/hairbybobby/status/827221336665817089,False,,0,,new york city,,,,,,[],,,,
